API_KEY=07b11644ebf8a97637558dfa9f43d2b4
LAT=-6.200000
LON=106.816666
Exclude=current,minutely,hourly,alerts
